{
  "GlobalObjectId_V1-2-8ed0e82fff52d094e879441569ce1751-179303189-0": {
    "GameObjectId": "GlobalObjectId_V1-2-8ed0e82fff52d094e879441569ce1751-179303189-0",
    "SectionColorRed": 0.5,
    "SectionColorGreen": 0.5,
    "SectionColorBlue": 1.0,
    "SectionAltColorRed": 0.125,
    "SectionAltColorGreen": 0.125,
    "SectionAltColorBlue": 0.5
  },
  "GlobalObjectId_V1-2-8ed0e82fff52d094e879441569ce1751-1208104374-0": {
    "GameObjectId": "GlobalObjectId_V1-2-8ed0e82fff52d094e879441569ce1751-1208104374-0",
    "SectionColorRed": 1.0,
    "SectionColorGreen": 0.5,
    "SectionColorBlue": 0.833333254,
    "SectionAltColorRed": 0.5,
    "SectionAltColorGreen": 0.125,
    "SectionAltColorBlue": 0.37499994
  },
  "GlobalObjectId_V1-2-8ed0e82fff52d094e879441569ce1751-1740120775-0": {
    "GameObjectId": "GlobalObjectId_V1-2-8ed0e82fff52d094e879441569ce1751-1740120775-0",
    "SectionColorRed": 1.0,
    "SectionColorGreen": 0.8333334,
    "SectionColorBlue": 0.5,
    "SectionAltColorRed": 0.5,
    "SectionAltColorGreen": 0.375,
    "SectionAltColorBlue": 0.125
  },
  "GlobalObjectId_V1-2-8ed0e82fff52d094e879441569ce1751-1453849862-0": {
    "GameObjectId": "GlobalObjectId_V1-2-8ed0e82fff52d094e879441569ce1751-1453849862-0",
    "SectionColorRed": 0.5,
    "SectionColorGreen": 1.0,
    "SectionColorBlue": 0.8333334,
    "SectionAltColorRed": 0.125,
    "SectionAltColorGreen": 0.5,
    "SectionAltColorBlue": 0.37500003
  }
}